2911,61
2911,235
2911,234
2911,233
2911,232
0,401
2911,231
2911,320
2911,256
2911,230
2911,229
2911,44
2911,228
2911,227
2911,226
2911,225
2911,63
2911,49
2911,62
2911,224
2911,48
2911,223
2912,331
2912,330
2911,222
2911,221
2911,220
2911,219
2911,218
2911,217
2911,216
2911,215
2911,214
2915,20
2915,19
2915,18
2915,17
2914,26
2914,25
2911,59
2911,213
2911,212
2911,211
149,34
149,33
149,31
149,29
149,28
149,27
149,24
149,23
149,22
149,20
149,19
149,16
149,15
149,14
149,11
149,10
149,8
149,6
0,392
2920,3
2920,2
2920,1
2920,0
0,508
0,503
0,499
0,496
0,488
0,487
0,486
0,485
0,483
0,475
0,466
0,465
0,461
0,458
0,456
0,454
0,451
0,450
0,449
0,448
0,442
0,441
0,440
0,439
0,437
0,435
0,434
0,431
0,430
0,429
0,428
0,427
0,426
0,425
0,423
0,421
0,420
0,418
0,417
0,413
0,412
0,411
0,410
0,408
0,407
0,406
0,404
0,402
0,400
0,399
0,397
0,395
0,390
0,389
0,388
0,387
0,383
0,375
0,322
0,313
0,243
2912,303
146,1
146,3
0,381
146,0
2914,1
2912,204
2914,14
2914,3
2914,0
2910,1
2912,264
2912,255
2910,65
2908,126
2910,3
2908,1
2910,0
2908,5
2908,3
2912,1
2908,0
1826,1
1826,3
1826,0
2912,208
2912,3
0,391
211,5
2912,0
211,4
211,1
211,3
0,340
0,385
211,0
2,9
1,1
1,3
1,0
2,1
2,21
2,3
2,0
0,9
0,310
0,305
0,311
0,309
0,433
0,308
0,304
0,303
0,302
0,307
0,394
0,12
0,438
0,10
0,8
0,0
0,327
0,300
0,317
0,299
0,298
0,378
0,297
0,344
0,296
0,339
0,295
0,350
0,294
0,393
0,293
0,370
0,292
0,291
0,290
0,384
0,289
0,480
0,288
0,349
0,287
0,376
0,286
0,369
0,285
0,284
0,500
0,283
0,282
0,479
0,281
0,478
0,280
0,321
0,279
0,484
0,278
0,502
0,277
0,353
0,276
0,507
0,275
0,348
0,274
0,320
0,273
0,509
2,4
2,6
2,7
2,10
2,12
2,14
2,16
2,17
2,20
2,22
2,24
2,26
2,27
2,30
2,32
4,1
4,3
118,1
118,4
118,5
118,7
118,8
118,10
118,12
118,13
118,15
118,16
118,18
118,19
118,21
118,23
118,24
118,26
118,27
118,29
118,31
118,32
118,34
118,35
118,65
118,66
118,70
118,73
118,74
118,78
118,79
118,82
118,85
118,87
118,90
118,92
118,95
118,98
118,100
118,103
118,104
118,108
118,109
118,112
118,116
118,117
118,120
118,122
118,125
118,128
118,130
118,133
118,135
118,138
118,139
118,143
118,146
118,147
118,150
118,152
118,155
118,158
118,160
118,163
118,165
118,168
118,169
118,173
118,176
118,177
118,181
118,182
118,185
118,188
118,190
118,193
118,195
118,198
118,201
118,203
118,206
118,208
118,211
118,212
118,215
118,219
118,220
118,223
118,225
118,228
118,231
118,233
118,236
118,238
118,241
118,242
118,246
118,249
118,250
118,253
118,255
118,258
118,261
118,263
118,266
118,268
118,271
118,272
118,276
118,279
118,280
118,284
118,285
118,288
118,292
118,293
118,296
118,298
118,301
118,303
118,306
118,309
118,311
118,314
118,315
118,318
118,321
118,322
118,324
118,325
118,327
118,329
118,330
118,332
118,333
118,335
118,336
118,338
118,340
118,341
118,343
118,344
118,346
118,348
118,350
118,353
118,354
118,358
118,359
118,362
118,365
118,367
118,370
118,372
118,375
118,378
118,380
118,383
120,0
120,3
120,4
121,0
121,3
121,4
123,1
123,3
124,0
124,3
124,5
125,1
125,3
125,5
139,0
139,1
139,4
139,5
140,1
140,3
140,6
140,10
140,11
141,1
141,3
142,0
142,3
142,5
142,8
142,9
142,12
142,15
142,17
142,19
142,20
142,22
142,27
142,65
142,67
142,68
142,70
142,71
142,73
142,74
142,76
142,78
142,79
142,82
142,83
142,85
142,88
142,89
142,91
142,92
142,94
142,95
142,99
142,101
142,102
142,104
142,105
142,107
144,1
144,3
144,5
146,4
147,1
147,4
148,0
148,2
148,3
148,9
148,10
148,12
148,16
148,17
148,20
148,21
148,23
148,25
148,29
148,31
148,32
148,34
148,35
148,64
148,66
148,67
148,69
148,70
148,72
148,74
148,75
148,77
148,78
148,80
148,81
148,83
148,85
148,86
148,90
148,91
148,93
148,95
148,96
148,98
148,99
148,101
149,0
149,1
149,3
149,4
149,7
149,9
149,13
149,18
149,21
149,26
149,30
149,35
149,37
149,64
149,66
149,67
149,69
149,70
149,72
149,74
149,75
149,77
149,78
149,80
149,82
149,83
149,85
149,86
149,88
149,89
149,91
149,93
149,94
149,96
149,97
149,99
149,102
149,103
149,105
149,106
149,108
149,115
149,116
149,121
149,124
149,129
149,132
149,137
149,142
152,0
152,3
152,4
152,6
152,8
152,9
152,11
152,12
152,14
152,15
152,17
152,19
152,20
152,22
152,23
152,25
152,27
152,28
152,30
152,31
152,33
152,34
152,36
152,38
152,40
152,42
152,43
152,45
152,47
152,48
152,50
152,51
152,53
152,54
152,65
152,67
152,68
152,70
152,71
152,73
152,75
152,76
152,78
152,79
152,81
152,83
152,84
152,86
152,87
152,89
152,90
152,92
152,94
152,95
152,97
152,98
152,100
152,102
152,103
152,105
152,106
152,108
152,109
152,111
152,113
152,114
152,116
152,117
152,119
152,121
152,122
152,124
152,125
152,127
152,128
152,130
152,132
152,133
152,135
152,136
152,138
152,140
152,141
152,143
152,144
152,146
152,148
152,149
152,151
152,152
152,154
152,155
152,157
152,159
152,160
152,162
152,163
152,165
152,167
152,168
152,170
152,171
152,173
152,174
152,176
152,178
152,179
152,181
152,182
152,184
152,186
152,187
152,189
152,190
152,192
152,193
152,195
152,197
152,198
152,200
152,201
152,203
152,205
152,206
152,208
152,209
152,211
152,212
152,214
152,216
152,217
152,219
152,220
152,222
152,224
152,225
152,227
152,228
152,230
152,256
153,0
153,3
155,0
155,3
155,5
156,1
156,4
156,5
158,1
158,3
159,0
159,3
159,5
160,1
160,3
161,0
161,1
161,5
162,1
162,3
163,0
163,1
163,5
164,1
164,3
165,0
165,1
165,5
166,0
166,3
167,0
167,1
167,5
169,0
169,3
170,0
170,1
170,4
174,0
174,3
175,1
175,3
175,5
175,6
175,11
176,0
176,3
178,0
178,1
178,5
178,7
178,9
178,11
178,12
179,1
179,3
180,0
180,1
180,5
181,1
181,3
182,0
182,1
182,5
183,1
183,3
184,0
184,1
184,5
185,0
185,3
186,0
186,1
186,5
186,7
187,0
187,3
187,5
188,1
188,3
189,0
189,1
189,5
190,0
190,1
190,5
191,0
191,3
192,0
192,1
192,5
193,0
193,3
195,0
195,1
195,5
197,0
197,3
197,4
198,1
198,5
199,0
199,3
199,5
200,1
200,5
201,0
201,3
201,5
206,1
206,3
207,1
207,3
207,4
207,6
207,8
207,10
207,13
207,14
207,16
207,17
207,19
207,20
207,22
207,24
207,26
207,28
207,29
207,31
207,33
207,34
207,36
207,37
207,39
207,41
207,64
207,66
207,67
207,69
207,70
207,72
207,74
207,75
207,77
207,78
207,80
207,82
207,83
207,85
207,86
207,88
207,89
207,91
208,0
208,1
208,4
208,5
208,8
209,1
209,2
209,4
209,5
209,9
209,10
209,13
209,18
209,19
209,21
210,0
210,2
210,5
210,6
210,8
211,2
213,1
213,3
213,4
215,0
215,1
215,4
215,5
216,1
216,4
217,0
217,3
217,4
219,1
219,5
219,8
220,0
220,1
220,4
222,0
222,3
223,0
223,1
223,4
224,0
224,3
225,0
225,1
225,4
225,5
226,1
226,2
226,4
226,6
226,7
227,0
227,1
227,5
228,1
228,3
228,6
229,0
229,3
229,4
229,6
231,1
231,3
232,0
232,1
232,4
233,1
233,3
234,0
234,1
234,4
234,7
234,8
235,1
235,2
235,4
235,5
236,1
236,4
236,5
236,7
236,8
236,10
236,12
236,13
236,15
236,16
236,18
236,19
236,21
237,0
237,1
237,3
237,4
237,6
237,8
237,9
237,11
237,12
237,14
237,15
237,17
237,19
237,20
237,22
237,23
237,25
237,27
237,28
237,30
237,31
237,33
237,35
237,36
237,38
237,39
237,41
237,42
237,44
237,46
237,47
237,49
237,50
237,52
237,54
237,55
237,57
237,58
237,60
237,61
237,63
237,65
237,66
237,68
237,69
237,71
237,73
237,74
237,76
237,77
237,79
237,80
237,82
237,84
237,85
237,87
237,88
237,90
237,92
237,93
237,95
237,96
237,98
237,99
237,101
237,128
237,129
237,131
237,132
237,193
237,195
237,196
237,198
237,199
238,1
238,5
239,0
239,3
239,4
240,1
240,3
241,0
241,3
241,4
242,1
242,3
242,5
242,7
242,8
242,10
242,11
242,13
242,14
242,16
242,18
242,19
243,0
243,1
243,5
244,1
244,3
245,0
245,1
245,5
246,0
246,3
247,0
247,1
247,5
247,6
247,8
248,1
248,3
249,0
249,1
249,3
249,5
249,6
249,8
250,0
250,3
250,6
251,1
251,3
252,0
252,3
252,5
253,1
253,5
254,0
254,3
254,4
255,1
255,2
255,4
255,6
255,256
255,258
255,259
255,261
255,263
255,264
255,266
255,267
255,269
255,270
255,272
255,274
255,275
255,277
255,278
255,280
255,282
255,283
255,285
255,286
255,288
255,289
255,291
255,293
255,294
255,296
255,297
255,306
255,310
255,311
255,313
255,314
255,316
255,318
255,319
255,385
255,386
255,388
255,389
255,391
255,393
255,394
255,396
255,397
255,399
255,401
255,402
255,404
255,405
255,407
255,408
255,410
255,412
255,413
255,415
255,416
255,418
255,420
255,421
255,423
255,424
255,426
255,427
255,429
255,431
255,432
255,434
255,435
255,437
2893,0
2893,1
2893,3
2893,4
2893,6
2893,8
2893,9
2893,11
2893,12
2893,14
2893,15
2893,17
2893,19
2893,20
2893,22
2893,23
2893,25
2893,27
2893,28
2893,30
2893,31
2893,33
2893,34
2893,36
2893,64
2893,65
2893,67
2893,68
2893,70
2893,72
2893,73
2893,75
2893,76
2893,78
2893,79
2893,81
2893,83
2893,84
2893,86
2893,87
2893,89
2893,91
2893,92
2893,94
2893,95
2893,97
2893,99
2893,100
2893,102
2893,103
2893,105
2893,106
2893,108
2893,110
2893,111
2893,113
2893,114
2893,116
2906,0
2906,1
2906,3
2906,4
2906,6
2906,7
2906,9
2906,11
2906,12
2906,14
2906,15
2906,17
2906,19
2906,20
2907,1
2907,2
2907,4
2907,5
2907,7
2907,9
2907,10
2907,12
2907,13
2907,15
2907,17
2907,18
2907,20
2907,21
2907,23
2907,24
2907,26
2907,28
2907,29
2907,31
2907,32
2907,34
2907,36
2907,37
2907,39
2907,40
2907,42
2907,44
2907,45
2907,47
2907,48
2907,50
2907,64
2907,66
2907,68
2907,69
2907,71
2907,72
2907,74
2907,76
2907,77
2907,79
2907,80
2907,82
2907,83
2907,85
2907,87
2907,88
2907,90
2907,91
2907,93
2907,95
2907,96
2907,98
2907,99
2907,101
2907,102
2908,4
2908,7
2908,8
2908,10
2908,11
2908,13
2908,15
2908,16
2908,18
2908,19
2908,21
2908,23
2908,24
2908,26
2908,27
2908,29
2908,30
2908,32
2908,34
2908,35
2908,37
2908,64
2908,66
2908,68
2908,69
2908,71
2908,72
2908,74
2908,75
2908,77
2908,79
2908,80
2908,82
2908,83
2908,85
2908,87
2908,88
2908,90
2908,91
2908,93
2908,94
2908,96
2908,98
2908,99
2908,101
2908,102
2908,104
2908,106
2908,107
2908,109
2908,110
2908,112
2908,113
2908,115
2908,117
2908,118
2908,120
2908,121
2908,123
2908,125
2908,127
2908,129
2908,130
2908,132
2908,134
2908,135
2908,137
2908,138
2908,140
2908,141
2908,143
2908,145
2908,146
2908,148
2908,149
2908,151
2908,153
2908,154
2908,156
2908,157
2908,159
2908,160
2908,162
2908,164
2908,165
2909,0
2909,1
2909,3
2909,5
2909,6
2909,8
2909,9
2909,11
2909,12
2909,14
2909,16
2909,17
2909,19
2909,20
2909,22
2909,24
2909,25
2910,4
2910,5
2910,7
2910,9
2910,10
2910,12
2910,13
2910,15
2910,16
2910,18
2910,20
2910,21
2910,23
2910,24
2910,26
2910,28
2910,29
2910,31
2910,32
2910,34
2910,35
2910,37
2910,66
2910,67
2910,69
2910,70
2910,72
2910,74
2910,75
2910,77
2910,78
2910,80
2910,81
2910,83
2910,85
2910,86
2910,88
2910,89
2910,91
2910,93
2910,94
2910,96
2910,97
2910,99
2910,100
2910,102
2910,104
2910,105
2910,107
2910,108
2910,110
2910,112
2910,113
2910,115
2911,0
2911,2
2911,4
2911,5
2911,7
2911,8
2911,10
2911,11
2911,13
2911,15
2911,16
2911,18
2911,19
2911,21
2911,23
2911,24
2911,26
2911,27
2911,29
2911,30
2911,32
2911,34
2911,35
2911,37
2911,38
2911,40
2911,42
2911,43
2911,45
2911,46
2911,51
2911,53
2911,54
2911,56
2911,57
2911,64
2911,65
2911,67
2911,68
2911,70
2911,72
2911,73
2911,75
2911,76
2911,78
2911,79
2911,81
2911,83
2911,84
2911,86
2911,87
2911,89
2911,91
2911,92
2911,94
2911,95
2911,97
2911,98
2911,100
2911,102
2911,103
2911,105
2911,106
2911,108
2911,110
2911,111
2911,113
2911,114
2911,116
2911,117
2911,119
2911,121
2911,122
2911,124
2911,125
2911,127
2911,129
2911,130
2911,132
2911,133
2911,135
2911,137
2911,138
2911,140
2911,141
2911,143
2911,144
2911,146
2911,148
2911,149
2911,151
2911,152
2911,154
2911,156
2911,157
2911,159
2911,160
2911,162
2911,163
2911,165
2911,167
2911,168
2911,170
2911,171
2911,173
2911,175
2911,176
2911,178
2911,179
2911,181
2911,182
2911,184
2911,186
2911,187
2911,189
2911,190
2911,192
2911,194
2911,195
2911,197
2911,198
2911,200
2911,201
2911,203
2911,205
2911,206
2911,208
2911,209
2912,2
2912,5
2912,6
2912,8
2912,9
2912,11
2912,13
2912,14
2912,16
2912,17
2912,19
2912,20
2912,22
2912,24
2912,25
2912,27
2912,28
2912,30
2912,32
2912,33
2912,35
2912,36
2912,38
2912,39
2912,41
2912,43
2912,44
2912,46
2912,64
2912,66
2912,68
2912,69
2912,71
2912,72
2912,74
2912,75
2912,77
2912,79
2912,80
2912,82
2912,83
2912,85
2912,87
2912,88
2912,90
2912,91
2912,93
2912,95
2912,96
2912,98
2912,99
2912,101
2912,102
2912,104
2912,106
2912,107
2912,109
2912,110
2912,112
2912,114
2912,115
2912,117
2912,118
2912,120
2912,121
2912,123
2912,125
2912,126
2912,128
2912,129
2912,131
2912,133
2912,134
2912,136
2912,137
2912,139
2912,140
2912,142
2912,144
2912,145
2912,147
2912,148
2912,150
2912,152
2912,153
2912,155
2912,156
2912,158
2912,159
2912,161
2912,163
2912,164
2912,166
2912,167
2912,169
2912,171
2912,172
2912,174
2912,175
2912,177
2912,179
2912,180
2912,182
2912,183
2912,185
2912,186
2912,188
2912,190
2912,191
2912,193
2912,194
2912,196
2912,198
2912,199
2912,201
2912,202
2912,205
2912,206
2912,209
2912,211
2912,212
2912,214
2912,215
2912,217
2912,219
2912,220
2912,222
2912,223
2912,225
2912,226
2912,228
2912,230
2912,231
2912,233
2912,234
2912,236
2912,238
2912,239
2912,241
2912,242
2912,244
2912,246
2912,247
2912,249
2912,250
2912,252
2912,253
2912,256
2912,258
2912,259
2912,261
2912,262
2912,265
2912,267
2912,268
2912,270
2912,271
2912,273
2912,274
2912,276
2912,278
2912,279
2912,281
2912,282
2912,284
2912,286
2912,287
2912,289
2912,290
2912,292
2912,293
2912,295
2912,297
2912,298
2912,300
2912,301
2912,304
2912,306
2912,307
2912,309
2912,310
2912,312
2912,313
2912,315
2912,317
2912,318
2912,320
2912,321
2912,323
2912,325
2912,326
2912,328
2912,329
2913,1
2913,3
2913,4
2913,6
2913,7
2913,9
2913,10
2913,12
2913,14
2913,15
2913,17
2913,18
2913,20
2913,22
2913,23
2913,25
2913,26
2913,28
2913,29
2913,31
2913,33
2913,34
2913,36
2913,37
2913,65
2913,67
2913,68
2913,70
2913,71
2913,73
2913,74
2913,76
2913,78
2913,79
2913,81
2913,82
2913,84
2913,86
2913,87
2913,89
2913,90
2913,92
2913,94
2913,95
2913,97
2913,98
2913,100
2913,101
2913,103
2913,105
2913,106
2913,108
2913,109
2913,111
2913,113
2913,114
2913,116
2913,117
2913,119
2913,120
2913,122
2913,124
2913,125
2913,127
2913,128
2913,130
2913,132
2913,133
2913,135
2913,136
2913,138
2913,139
2913,141
2913,143
2913,144
2913,146
2913,147
2913,149
2913,151
2913,152
2913,154
2913,155
2913,157
2913,159
2913,160
2913,162
2913,163
2913,165
2913,166
2913,168
2913,170
2913,171
2913,173
2913,174
2913,176
2913,178
2913,179
2913,181
2913,182
2913,184
2913,185
2913,187
2913,189
2913,190
2913,192
2913,193
2913,195
2913,197
2913,198
2913,200
2913,201
2913,203
2913,204
2913,206
2913,208
2913,209
2913,211
2913,212
2913,214
2913,216
2913,217
2913,219
2913,220
2913,222
2913,223
2913,225
2913,227
2913,228
2913,230
2913,231
2913,233
2913,235
2913,236
2913,238
2913,239
2913,241
2913,243
2913,244
2913,246
2914,2
2914,5
2914,6
2914,8
2914,10
2914,11
2914,13
2914,15
2914,17
2914,19
2914,20
2914,22
2914,23
2915,0
2915,1
2915,3
2915,5
2915,6
2915,8
2915,9
2915,11
2915,13
2915,14
2915,16
2916,0
2916,2
2916,3
2916,5
2916,4
2916,1
2915,15
2915,12
2915,10
2915,7
2915,4
2915,2
2914,24
2914,21
2914,18
2914,16
2914,12
2914,9
2914,7
2914,4
2913,245
2913,242
2913,240
2913,237
2913,234
2913,232
2913,229
2913,226
2913,224
2913,221
2913,218
2913,215
2913,213
2913,210
2913,207
2913,205
2913,202
2913,199
2913,196
2913,194
2913,191
2913,188
2913,186
2913,183
2913,180
2913,177
2913,175
2913,172
2913,169
2913,167
2913,164
2913,161
2913,158
2913,156
2913,153
2913,150
2913,148
2913,145
2913,142
2913,140
2913,137
2913,134
2913,131
2913,129
2913,126
2913,123
2913,121
2913,118
2913,115
2913,112
2913,110
2913,107
2913,104
2913,102
2913,99
2913,96
2913,93
2913,91
2913,88
2913,85
2913,83
2913,80
2913,77
2913,75
2913,72
2913,69
2913,66
2913,64
2913,35
2913,32
2913,30
2913,27
2913,24
2913,21
2913,19
2913,16
2913,13
2913,11
2913,8
2913,5
2913,2
2913,0
2912,327
2912,324
2912,322
2912,319
2912,316
2912,314
2912,311
2912,308
2912,305
2912,302
2912,299
2912,296
2912,294
2912,291
2912,288
2912,285
2912,283
2912,280
2912,277
2912,275
2912,272
2912,269
2912,266
2912,263
2912,260
2912,257
2912,254
2912,251
2912,248
2912,245
2912,243
2912,240
2912,237
2912,235
2912,232
2912,229
2912,227
2912,224
2912,221
2912,218
2912,216
2912,213
2912,210
2912,207
2912,203
2912,200
2912,197
2912,195
2912,192
2912,189
2912,187
2912,184
2912,181
2912,178
2912,176
2912,173
2912,170
2912,168
2912,165
2912,162
2912,160
2912,157
2912,154
2912,151
2912,149
2912,146
2912,143
2912,141
2912,138
2912,135
2912,132
2912,130
2912,127
2912,124
2912,122
2912,119
2912,116
2912,113
2912,111
2912,108
2912,105
2912,103
2912,100
2912,97
2912,94
2912,92
2912,89
2912,86
2912,84
2912,81
2912,78
2912,76
2912,73
2912,70
2912,67
2912,65
2912,45
2912,42
2912,40
2912,37
2912,34
2912,31
2912,29
2912,26
2912,23
2912,21
2912,18
2912,15
2912,12
2912,10
2912,7
2912,4
2911,210
2911,207
2911,204
2911,202
2911,199
2911,196
2911,193
2911,191
2911,188
2911,185
2911,183
2911,180
2911,177
2911,174
2911,172
2911,169
2911,166
2911,164
2911,161
2911,158
2911,155
2911,153
2911,150
2911,147
2911,145
2911,142
2911,139
2911,136
2911,134
2911,131
2911,128
2911,126
2911,123
2911,120
2911,118
2911,115
2911,112
2911,109
2911,107
2911,104
2911,101
2911,99
2911,96
2911,93
2911,90
2911,88
2911,85
2911,82
2911,80
2911,77
2911,74
2911,71
2911,69
2911,66
2911,60
2911,58
2911,55
2911,52
2911,50
2911,47
2911,41
2911,39
2911,36
2911,33
2911,31
2911,28
2911,25
2911,22
2911,20
2911,17
2911,14
2911,12
2911,9
2911,6
2911,3
2911,1
2910,114
2910,111
2910,109
2910,106
2910,103
2910,101
2910,98
2910,95
2910,92
2910,90
2910,87
2910,84
2910,82
2910,79
2910,76
2910,73
2910,71
2910,68
2910,64
2910,36
2910,33
2910,30
2910,27
2910,25
2910,22
2910,19
2910,17
2910,14
2910,11
2910,8
2910,6
2910,2
2909,23
2909,21
2909,18
2909,15
2909,13
2909,10
2909,7
2909,4
2909,2
2908,166
2908,163
2908,161
2908,158
2908,155
2908,152
2908,150
2908,147
2908,144
2908,142
2908,139
2908,136
2908,133
2908,131
2908,128
2908,124
2908,122
2908,119
2908,116
2908,114
2908,111
2908,108
2908,105
2908,103
2908,100
2908,97
2908,95
2908,92
2908,89
2908,86
2908,84
2908,81
2908,78
2908,76
2908,73
2908,70
2908,67
2908,65
2908,36
2908,33
2908,31
2908,28
2908,25
2908,22
2908,20
2908,17
2908,14
2908,12
2908,9
2908,6
2908,2
2907,100
2907,97
2907,94
2907,92
2907,89
2907,86
2907,84
2907,81
2907,78
2907,75
2907,73
2907,70
2907,67
2907,65
2907,49
2907,46
2907,43
2907,41
2907,38
2907,35
2907,33
2907,30
2907,27
2907,25
2907,22
2907,19
2907,16
2907,14
2907,11
2907,8
2907,6
2907,3
2907,0
2906,18
2906,16
2906,13
2906,10
2906,8
2906,5
2906,2
2893,117
2893,115
2893,112
2893,109
2893,107
2893,104
2893,101
2893,98
2893,96
2893,93
2893,90
2893,88
2893,85
2893,82
2893,80
2893,77
2893,74
2893,71
2893,69
2893,66
2893,37
2893,35
2893,32
2893,29
2893,26
2893,24
2893,21
2893,18
2893,16
2893,13
2893,10
2893,7
2893,5
2893,2
255,438
255,436
255,433
255,430
255,428
255,425
255,422
255,419
255,417
255,414
255,411
255,409
255,406
255,403
255,400
255,398
255,395
255,392
255,390
255,387
255,384
255,317
255,315
255,312
255,308
255,298
255,295
255,292
255,290
255,287
255,284
255,281
255,279
255,276
255,273
255,271
255,268
255,265
255,262
255,260
255,257
255,5
255,3
255,0
254,1
253,3
253,0
252,1
251,2
251,0
250,1
249,7
249,4
249,2
248,4
248,0
247,7
247,3
246,4
246,1
245,3
244,4
244,0
243,3
242,20
242,17
242,15
242,12
242,9
242,6
242,4
242,0
241,1
240,5
240,0
239,1
238,3
238,0
237,197
237,194
237,192
237,130
237,102
237,100
237,97
237,94
237,91
237,89
237,86
237,83
237,81
237,78
237,75
237,72
237,70
237,67
237,64
237,62
237,59
237,56
237,53
237,51
237,48
237,45
237,43
237,40
237,37
237,34
237,32
237,29
237,26
237,24
237,21
237,18
237,16
237,13
237,10
237,7
237,5
237,2
236,22
236,20
236,17
236,14
236,11
236,9
236,6
236,3
236,0
235,3
235,0
234,6
234,3
233,5
233,0
232,3
231,5
231,0
229,5
229,1
228,5
228,0
227,3
226,8
226,5
226,3
226,0
225,3
224,4
224,1
223,3
222,5
222,1
220,3
219,9
219,3
219,0
217,1
216,3
216,0
215,3
213,5
213,2
213,0
210,7
210,3
210,1
209,20
209,14
209,12
209,7
209,3
209,0
208,7
208,3
207,94
207,90
207,87
207,84
207,81
207,79
207,76
207,73
207,71
207,68
207,65
207,40
207,38
207,35
207,32
207,30
207,27
207,23
207,21
207,18
207,15
207,11
207,9
207,5
207,2
207,0
206,0
201,1
200,3
200,0
199,1
198,3
198,0
197,1
195,3
193,5
193,1
192,3
191,5
191,1
190,3
189,6
189,3
188,5
188,0
187,1
186,8
186,3
185,5
185,1
184,3
183,5
183,0
182,3
181,5
181,0
180,3
179,5
179,0
178,10
178,8
178,3
176,5
176,1
175,10
175,4
175,0
174,1
170,3
169,5
169,1
167,3
166,5
166,1
165,3
164,5
164,0
163,3
162,5
162,0
161,3
160,5
160,0
159,1
158,5
158,0
156,3
156,0
155,1
153,1
152,231
152,229
152,226
152,223
152,221
152,218
152,215
152,213
152,210
152,207
152,204
152,202
152,199
152,196
152,194
152,191
152,188
152,185
152,183
152,180
152,177
152,175
152,172
152,169
152,166
152,164
152,161
152,158
152,156
152,153
152,150
152,147
152,145
152,142
152,139
152,137
152,134
152,131
152,129
152,126
152,123
152,120
152,118
152,115
152,112
152,110
152,107
152,104
152,101
152,99
152,96
152,93
152,91
152,88
152,85
152,82
152,80
152,77
152,74
152,72
152,69
152,66
152,64
152,52
152,49
152,46
152,44
152,41
152,37
152,35
152,32
152,29
152,26
152,24
152,21
152,18
152,16
152,13
152,10
152,7
152,5
152,1
149,139
149,134
149,126
149,120
149,112
149,107
149,104
149,100
149,98
149,95
149,92
149,90
149,87
149,84
149,81
149,79
149,76
149,73
149,71
149,68
149,65
149,36
149,32
149,25
149,17
149,12
149,5
149,2
148,103
148,100
148,97
148,94
148,92
148,89
148,84
148,82
148,79
148,76
148,73
148,71
148,68
148,65
148,36
148,33
148,30
148,24
148,22
148,18
148,15
148,11
148,4
148,1
147,3
147,0
144,4
144,0
142,106
142,103
142,100
142,97
142,93
142,90
142,87
142,84
142,80
142,77
142,75
142,72
142,69
142,66
142,64
142,21
142,18
142,16
142,11
142,7
142,1
141,5
141,0
140,8
140,4
140,0
139,3
125,6
125,4
125,0
124,1
123,5
123,0
121,1
120,5
120,1
118,381
118,377
118,373
118,369
118,364
118,361
118,356
118,351
118,347
118,345
118,342
118,339
118,337
118,334
118,331
118,328
118,326
118,323
118,320
118,317
118,312
118,307
118,304
118,299
118,295
118,290
118,287
118,282
118,277
118,274
118,269
118,265
118,260
118,257
118,252
118,247
118,244
118,239
118,234
118,230
118,227
118,222
118,217
118,214
118,209
118,204
118,200
118,196
118,192
118,187
118,184
118,179
118,174
118,171
118,166
118,162
118,157
118,154
118,149
118,144
118,141
118,136
118,131
118,127
118,123
118,119
118,114
118,111
118,106
118,101
118,97
118,93
118,89
118,84
118,81
118,76
118,71
118,68
118,36
118,33
118,30
118,28
118,25
118,22
118,20
118,17
118,14
118,11
118,9
118,6
118,3
118,0
4,0
2,29
2,25
2,23
2,19
2,15
2,13
2,8
2,5
0,374
0,272
0,360
0,271
0,452
0,270
0,359
0,269
0,355
0,268
0,368
0,267
0,343
0,266
0,457
0,265
0,463
0,264
0,334
0,263
0,462
0,262
0,316
0,261
0,315
0,260
0,432
0,259
0,333
0,258
0,506
0,257
0,347
0,256
0,473
0,255
0,491
0,254
0,490
0,253
0,332
0,252
0,472
0,251
0,373
0,250
0,471
0,249
0,436
0,248
0,477
0,247
0,319
0,246
0,489
0,245
0,301
0,244
0,501
0,242
0,342
0,241
0,476
0,240
0,467
0,239
0,422
0,238
0,424
0,237
0,314
0,236
0,362
0,235
0,498
0,234
0,323
0,233
0,372
0,232
0,497
0,231
0,358
0,230
0,366
0,229
0,511
0,228
0,367
0,227
0,470
0,226
0,346
0,225
0,306
0,224
0,335
0,223
0,505
0,222
0,468
0,221
0,331
0,220
0,386
0,219
0,482
0,218
0,382
0,217
0,455
0,216
0,398
0,215
0,361
0,214
0,357
0,213
0,504
0,212
0,403
0,211
0,380
0,210
0,341
0,209
0,338
0,208
0,345
0,207
0,364
0,206
0,324
0,205
0,365
0,204
0,453
0,203
0,318
0,202
0,495
0,201
0,510
0,200
0,474
0,199
0,464
0,198
0,396
0,197
0,371
0,196
0,377
0,195
0,494
0,194
0,312
0,193
0,493
0,192
0,330
0,63
0,356
0,62
0,351
0,61
0,354
0,60
0,329
0,59
0,414
0,58
0,481
0,57
0,337
0,56
0,460
0,55
0,492
0,54
0,328
0,53
0,379
0,52
0,336
0,51
0,459
0,50
0,469
0,49
0,325
0,48
0,405
0,47
0,352
0,46
0,363
0,45
0,326
0,6
0,5
0,1
0,415
0,11
0,4
0,2
0,3
0,7
